8 2 10 11 3 9 9 15 4 14 9 6 13 3 4 8 INC=SHELL
4 2 9 6 3 3 4 8 8 14 10 11 13 9 9 15 INC=8
3 2 4 6 4 3 9 8 8 9 9 11 13 14 10 15 INC=4
3 2 4 3 4 6 8 8 9 9 9 11 10 14 13 15 INC=2
2 3 3 4 4 6 8 8 9 9 9 10 11 13 14 15 INC=1
8 2 10 11 3 9 9 15 4 14 9 6 13 3 4 8 INC=KNUTH
3 2 8 11 3 9 9 15 4 14 9 6 13 8 4 10 INC=13
3 2 4 6 3 8 8 10 4 9 9 11 13 14 9 15 INC=4
2 3 3 4 4 6 8 8 9 9 9 10 11 13 14 15 INC=1
8 2 10 11 3 9 9 15 4 14 9 6 13 3 4 8 INC=CIURA
8 2 10 3 3 8 9 15 4 14 9 6 13 11 4 9 INC=10
3 2 4 3 4 8 9 6 8 11 9 9 13 14 10 15 INC=4
2 3 3 4 4 6 8 8 9 9 9 10 11 13 14 15 INC=1
24 18 25 21 16 18 14 6 25 22 12 23 9 8 26 19 9 20 3 2 20 14 4 6 32 17 18 9 14 2 13 12 INC=SHELL
9 18 3 2 16 14 4 6 25 17 12 9 9 2 13 12 24 20 25 21 20 18 14 6 32 22 18 23 14 8 26 19 INC=16
9 17 3 2 9 2 4 6 24 18 12 9 14 8 13 6 25 20 18 21 16 14 14 12 32 22 25 23 20 18 26 19 INC=8
9 2 3 2 9 8 4 6 14 14 12 6 16 17 13 9 20 18 14 12 24 18 18 19 25 20 25 21 32 22 26 23 INC=4
3 2 4 2 9 6 9 6 12 8 13 9 14 12 14 14 16 17 18 18 20 18 24 19 25 20 25 21 26 22 32 23 INC=2
2 2 3 4 6 6 8 9 9 9 12 12 13 14 14 14 16 17 18 18 18 19 20 20 21 22 23 24 25 25 26 32 INC=1
24 18 25 21 16 18 14 6 25 22 12 23 9 8 26 19 9 20 3 2 20 14 4 6 32 17 18 9 14 2 13 12 INC=KNUTH
8 9 14 2 13 3 2 6 14 4 6 23 9 18 18 19 9 16 12 14 20 25 22 12 32 17 24 26 25 21 20 18 INC=13
8 3 2 2 9 4 6 6 9 9 12 12 13 16 14 14 14 17 18 18 20 18 20 19 25 21 22 23 32 25 24 26 INC=4
2 2 3 4 6 6 8 9 9 9 12 12 13 14 14 14 16 17 18 18 18 19 20 20 21 22 23 24 25 25 26 32 INC=1
24 18 25 21 16 18 14 6 25 22 12 23 9 8 26 19 9 20 3 2 20 14 4 6 32 17 18 9 14 2 13 12 INC=CIURA
6 18 17 18 9 14 2 6 12 22 12 23 9 8 26 19 9 20 3 2 20 14 4 24 32 25 21 16 18 14 13 25 INC=23
6 14 4 8 9 14 2 6 3 2 12 18 9 18 26 19 9 16 12 14 13 23 17 24 32 25 21 20 18 22 20 25 INC=10
3 2 2 6 6 14 4 8 9 14 12 14 9 16 12 18 9 18 17 19 13 22 20 20 18 23 21 24 32 25 26 25 INC=4
2 2 3 4 6 6 8 9 9 9 12 12 13 14 14 14 16 17 18 18 18 19 20 20 21 22 23 24 25 25 26 32 INC=1
45 8 2 4 9 45 19 41 25 47 31 4 23 17 50 25 2 4 28 9 29 34 49 32 36 14 16 15 14 37 26 20 16 45 30 2 18 46 6 5 2 49 39 24 6 33 3 17 17 38 INC=SHELL
14 8 2 4 9 26 19 16 25 30 2 4 23 6 5 2 2 4 24 6 29 3 17 17 36 45 16 15 14 37 45 20 41 45 47 31 18 46 17 50 25 49 39 28 9 33 34 49 32 38 INC=25
14 6 2 2 2 4 19 6 9 3 2 4 18 8 5 4 9 26 24 16 25 30 17 17 23 38 16 15 14 37 39 20 29 33 34 31 32 45 17 50 25 49 45 28 41 45 47 49 36 46 INC=12
14 6 2 2 2 4 18 6 5 3 2 4 19 8 9 4 9 17 23 16 16 15 14 26 24 20 17 30 17 31 32 28 25 33 25 37 36 38 29 45 34 49 39 45 41 50 47 49 45 46 INC=6
2 2 2 3 2 4 4 6 4 14 6 5 15 8 9 18 9 16 19 14 17 23 16 17 24 17 25 30 20 26 32 25 29 33 28 31 36 34 37 39 38 41 45 45 49 45 46 49 50 47 INC=3
2 2 2 2 3 4 4 4 5 6 6 8 9 9 14 14 15 16 16 17 17 17 18 19 20 23 24 25 25 26 28 29 30 31 32 33 34 36 37 38 39 41 45 45 45 46 47 49 49 50 INC=1
45 8 2 4 9 45 19 41 25 47 31 4 23 17 50 25 2 4 28 9 29 34 49 32 36 14 16 15 14 37 26 20 16 45 30 2 18 46 6 5 2 49 39 24 6 33 3 17 17 38 INC=KNUTH
2 8 2 4 6 33 3 17 17 38 31 4 23 17 50 25 2 4 28 9 29 34 49 32 36 14 16 15 14 37 26 20 16 45 30 2 18 46 6 5 45 49 39 24 9 45 19 41 25 47 INC=40
2 8 2 2 4 9 3 17 17 2 18 4 6 5 15 14 4 6 20 9 19 30 25 31 36 14 16 45 25 37 24 28 16 29 34 38 32 46 23 17 50 49 39 26 33 45 45 41 49 47 INC=13
2 2 2 2 4 5 3 4 4 6 15 9 6 8 16 14 16 9 18 17 17 14 20 17 19 29 23 26 25 30 24 28 32 37 25 31 33 45 34 38 36 46 39 41 49 47 45 45 50 49 INC=4
2 2 2 2 3 4 4 4 5 6 6 8 9 9 14 14 15 16 16 17 17 17 18 19 20 23 24 25 25 26 28 29 30 31 32 33 34 36 37 38 39 41 45 45 45 46 47 49 49 50 INC=1
45 8 2 4 9 45 19 41 25 47 31 4 23 17 50 25 2 4 28 9 29 34 49 32 36 14 16 15 14 37 26 20 16 45 30 2 18 46 6 5 2 49 39 24 6 33 3 17 17 38 INC=CIURA
3 8 2 4 9 14 19 26 20 16 31 4 2 17 46 6 2 2 28 9 24 6 33 32 17 14 16 15 45 37 41 25 47 45 30 23 18 50 25 5 4 49 39 29 34 49 45 36 17 38 INC=23
3 4 2 4 9 6 2 2 17 5 4 6 2 17 17 14 16 15 20 9 24 8 33 29 30 14 18 26 25 16 31 25 39 32 34 23 19 36 28 37 41 49 47 45 46 49 45 50 45 38 INC=10
2 4 2 2 3 5 2 4 9 6 4 6 16 8 17 9 17 14 18 14 19 15 20 23 24 16 28 25 25 17 31 26 30 32 33 29 39 36 34 37 41 38 45 45 45 49 47 50 46 49 INC=4
2 2 2 2 3 4 4 4 5 6 6 8 9 9 14 14 15 16 16 17 17 17 18 19 20 23 24 25 25 26 28 29 30 31 32 33 34 36 37 38 39 41 45 45 45 46 47 49 49 50 INC=1
40 7 70 44 10 19 28 40 4 45 16 65 45 6 5 64 48 16 41 45 49 71 66 71 2 71 41 48 58 23 47 5 37 23 21 46 40 56 67 41 69 13 54 45 64 5 37 47 6 38 59 66 12 18 63 18 13 30 45 58 23 36 59 51 28 62 22 7 42 50 11 21 50 INC=SHELL
40 7 67 41 10 13 28 40 4 5 16 47 6 6 5 64 12 16 41 18 13 30 45 58 2 36 41 48 28 23 22 5 37 23 11 21 40 56 70 44 69 19 54 45 64 45 37 65 45 38 59 66 48 18 63 45 49 71 66 71 23 71 59 51 58 62 47 7 42 50 21 46 50 INC=36
40 7 13 30 10 13 2 36 4 5 16 23 6 5 5 23 11 16 40 18 49 41 45 19 23 40 41 45 28 47 22 6 37 50 12 18 41 45 67 44 66 58 28 45 59 48 37 62 45 7 42 64 21 21 50 56 70 71 69 71 54 71 64 51 58 65 47 38 59 66 48 46 63 INC=18
5 7 13 6 5 5 2 11 4 40 16 23 22 6 13 23 12 16 40 18 47 30 7 19 23 21 18 41 28 49 41 10 37 28 36 21 45 37 62 44 38 42 50 40 41 48 45 65 45 45 58 54 45 46 50 56 67 47 66 59 64 48 59 51 58 70 71 69 71 66 71 64 63 INC=9
4 5 2 6 5 6 7 10 5 7 13 11 12 16 13 18 22 21 16 19 23 28 18 21 28 30 36 23 37 37 40 23 38 40 41 40 41 42 45 41 45 45 50 44 45 46 50 51 45 47 58 54 47 48 59 56 58 48 62 59 63 49 66 64 64 66 71 65 67 70 71 69 71 INC=4
2 5 4 6 5 6 5 7 7 10 12 11 13 16 13 18 16 19 18 21 22 21 23 23 28 23 36 28 37 30 38 37 40 40 41 40 41 41 45 42 45 44 45 45 45 46 47 47 50 48 50 48 58 49 58 51 59 54 62 56 63 59 64 64 66 65 67 66 71 69 71 70 71 INC=2
2 4 5 5 5 6 6 7 7 10 11 12 13 13 16 16 18 18 19 21 21 22 23 23 23 28 28 30 36 37 37 38 40 40 40 41 41 41 42 44 45 45 45 45 45 46 47 47 48 48 49 50 50 51 54 56 58 58 59 59 62 63 64 64 65 66 66 67 69 70 71 71 71 INC=1
40 7 70 44 10 19 28 40 4 45 16 65 45 6 5 64 48 16 41 45 49 71 66 71 2 71 41 48 58 23 47 5 37 23 21 46 40 56 67 41 69 13 54 45 64 5 37 47 6 38 59 66 12 18 63 18 13 30 45 58 23 36 59 51 28 62 22 7 42 50 11 21 50 INC=KNUTH
40 7 54 44 10 5 28 40 4 38 16 65 12 6 5 18 13 16 41 45 23 36 59 51 2 62 22 7 42 23 11 5 37 23 21 46 40 56 67 41 69 13 70 45 64 19 37 47 6 45 59 66 45 18 63 64 48 30 45 58 49 71 66 71 28 71 41 48 58 50 47 21 50 INC=40
6 5 13 13 10 5 19 23 4 6 16 2 12 22 7 18 23 11 5 21 23 21 38 40 56 28 40 7 42 44 16 30 28 37 36 46 45 59 62 41 18 48 58 45 41 37 40 47 59 51 65 66 45 41 54 64 48 47 45 50 49 71 66 71 67 71 69 63 70 50 64 45 58 INC=13
4 5 5 2 6 5 7 7 10 6 13 13 12 11 16 18 18 21 16 21 23 22 19 23 23 28 36 30 28 37 38 40 41 37 40 41 42 41 40 45 45 44 45 45 45 47 54 46 48 48 58 47 49 50 62 50 56 51 64 63 58 59 65 64 59 71 66 66 67 71 69 71 70 INC=4
2 4 5 5 5 6 6 7 7 10 11 12 13 13 16 16 18 18 19 21 21 22 23 23 23 28 28 30 36 37 37 38 40 40 40 41 41 41 42 44 45 45 45 45 45 46 47 47 48 48 49 50 50 51 54 56 58 58 59 59 62 63 64 64 65 66 66 67 69 70 71 71 71 INC=1
40 7 70 44 10 19 28 40 4 45 16 65 45 6 5 64 48 16 41 45 49 71 66 71 2 71 41 48 58 23 47 5 37 23 21 46 40 56 67 41 69 13 54 45 64 5 37 47 6 38 59 66 12 18 63 18 13 30 45 58 23 36 59 51 28 62 22 7 42 50 11 21 50 INC=CIURA
30 7 58 23 10 19 28 28 4 22 7 42 45 6 5 50 48 16 41 45 49 71 66 71 2 71 41 48 58 23 47 5 37 23 21 46 40 56 67 41 69 13 54 45 64 5 37 47 6 38 59 66 12 18 63 18 13 40 45 70 44 36 59 51 40 62 45 16 65 50 11 21 64 INC=57
30 2 6 23 10 19 12 18 4 18 7 21 45 6 5 36 41 16 13 45 45 16 5 37 7 21 38 48 58 23 28 5 22 13 40 45 40 44 50 48 51 40 54 45 64 65 50 11 58 41 59 66 28 47 63 37 23 42 46 70 56 67 59 69 41 62 49 71 66 71 47 71 64 INC=23
7 2 5 6 5 19 12 11 4 18 28 5 6 13 7 21 23 16 13 23 30 16 22 23 10 36 38 18 46 41 45 21 28 37 40 37 40 42 50 45 47 40 45 45 41 45 41 44 58 48 51 66 54 47 63 62 49 48 58 70 56 67 59 69 64 65 50 71 66 71 59 71 64 INC=10
4 2 5 5 5 13 7 6 6 16 12 11 7 16 13 18 10 18 22 21 23 19 28 21 28 36 38 23 30 37 40 23 40 40 41 37 41 41 45 44 46 42 45 45 47 45 50 45 49 47 50 62 54 48 51 66 56 48 58 69 58 65 59 70 64 67 59 71 64 71 63 71 66 INC=4
2 4 5 5 5 6 6 7 7 10 11 12 13 13 16 16 18 18 19 21 21 22 23 23 23 28 28 30 36 37 37 38 40 40 40 41 41 41 42 44 45 45 45 45 45 46 47 47 48 48 49 50 50 51 54 56 58 58 59 59 62 63 64 64 65 66 66 67 69 70 71 71 71 INC=1
93 82 83 89 11 91 88 48 34 98 14 37 84 16 4 45 74 76 33 79 89 10 26 72 73 59 42 56 3 57 42 51 71 5 44 18 48 84 90 50 88 46 75 85 92 35 40 48 72 10 69 68 75 54 58 9 50 81 78 17 93 79 71 70 84 54 26 44 36 53 54 94 5 52 73 59 9 52 24 23 61 85 24 90 90 30 74 78 17 14 92 24 29 56 62 81 5 24 INC=SHELL
10 69 68 75 11 58 9 48 34 78 14 37 79 16 4 45 54 26 33 36 53 10 26 5 52 59 42 9 3 24 23 51 71 5 44 18 30 74 78 17 14 46 24 29 56 35 40 5 24 93 82 83 89 54 91 88 50 81 98 17 93 84 71 70 84 74 76 44 79 89 54 94 72 73 73 59 56 52 57 42 61 85 24 90 90 48 84 90 50 88 92 75 85 92 62 81 48 72 INC=49
10 59 42 9 3 24 9 42 34 5 14 17 30 16 4 17 14 26 24 29 53 10 26 5 24 69 68 59 11 52 23 48 50 78 24 18 79 48 71 45 50 46 33 36 56 35 40 5 48 72 73 75 56 54 57 51 61 81 44 37 90 74 78 70 54 74 76 44 79 89 54 81 52 73 82 83 89 58 91 88 71 85 98 90 93 84 84 90 84 88 92 75 85 92 62 94 72 93 INC=24
10 16 4 9 3 24 9 29 34 5 14 5 24 48 42 17 11 26 23 36 50 10 24 5 30 59 68 45 14 46 24 42 53 35 26 17 48 69 71 59 50 52 33 44 56 78 40 18 52 72 73 70 54 54 57 48 61 81 44 37 72 73 78 75 56 58 76 51 71 85 54 81 79 74 82 83 84 74 91 75 79 89 62 90 90 84 84 90 89 88 92 88 85 92 98 94 93 93 INC=12
9 16 4 5 3 5 10 29 34 9 11 5 23 36 42 10 14 17 24 42 50 17 14 18 24 44 53 35 24 24 30 48 56 45 26 26 33 48 61 59 40 37 48 51 68 70 44 46 52 59 71 75 50 52 57 69 71 78 54 54 72 72 73 81 54 58 76 73 78 83 56 74 79 74 79 85 62 81 90 75 82 89 84 88 91 84 84 90 89 90 92 88 85 92 98 94 93 93 INC=6
5 3 4 9 11 5 9 14 5 10 14 17 10 16 18 17 24 24 23 26 26 24 29 34 24 36 37 30 40 42 33 42 46 35 44 50 45 44 52 48 48 53 52 48 54 57 50 56 59 51 58 70 54 61 72 54 68 75 56 71 76 59 71 78 62 73 79 69 74 81 72 78 83 73 79 85 74 81 89 75 82 90 84 84 90 84 85 91 88 88 92 89 90 92 93 94 93 98 INC=3
3 4 5 5 5 9 9 10 10 11 14 14 16 17 17 18 23 24 24 24 24 26 26 29 30 33 34 35 36 37 40 42 42 44 44 45 46 48 48 48 50 50 51 52 52 53 54 54 54 56 56 57 58 59 59 61 62 68 69 70 71 71 72 72 73 73 74 74 75 75 76 78 78 79 79 81 81 82 83 84 84 84 85 85 88 88 89 89 90 90 90 91 92 92 93 93 94 98 INC=1
93 82 83 89 11 91 88 48 34 98 14 37 84 16 4 45 74 76 33 79 89 10 26 72 73 59 42 56 3 57 42 51 71 5 44 18 48 84 90 50 88 46 75 85 92 35 40 48 72 10 69 68 75 54 58 9 50 81 78 17 93 79 71 70 84 54 26 44 36 53 54 94 5 52 73 59 9 52 24 23 61 85 24 90 90 30 74 78 17 14 92 24 29 56 62 81 5 24 INC=KNUTH
61 46 24 85 11 30 40 48 17 10 14 24 29 16 4 9 5 24 33 17 89 10 26 70 73 54 26 44 3 53 42 51 5 5 44 18 9 52 24 23 88 82 75 89 90 35 74 48 34 14 69 37 75 54 58 45 50 76 78 79 93 79 71 72 84 59 42 56 36 57 54 94 71 52 73 59 48 84 90 50 93 85 83 90 92 91 88 78 72 98 92 68 84 56 62 81 74 81 INC=40
16 4 3 5 11 30 5 5 10 10 9 24 24 23 42 9 36 24 33 17 48 17 18 14 48 29 26 44 24 45 42 51 35 71 44 26 14 52 37 59 46 56 53 50 54 40 74 48 34 59 69 54 61 50 56 62 57 74 78 79 52 73 70 72 84 68 54 58 75 81 76 81 89 88 78 71 73 84 75 84 82 85 83 90 92 91 93 79 72 98 92 90 88 93 85 89 90 94 INC=13
10 4 3 5 11 10 5 5 14 17 9 9 16 23 18 14 24 24 26 17 24 29 33 24 34 30 37 26 35 40 42 44 36 45 42 48 46 50 44 50 48 52 53 51 48 56 54 54 52 59 56 58 54 68 69 59 57 71 70 62 61 73 74 71 72 74 75 72 73 81 76 79 75 84 78 79 82 85 78 81 84 88 83 84 88 91 85 89 89 93 92 90 90 94 93 90 92 98 INC=4
3 4 5 5 5 9 9 10 10 11 14 14 16 17 17 18 23 24 24 24 24 26 26 29 30 33 34 35 36 37 40 42 42 44 44 45 46 48 48 48 50 50 51 52 52 53 54 54 54 56 56 57 58 59 59 61 62 68 69 70 71 71 72 72 73 73 74 74 75 75 76 78 78 79 79 81 81 82 83 84 84 84 85 85 88 88 89 89 90 90 90 91 92 92 93 93 94 98 INC=1
93 82 83 89 11 91 88 48 34 98 14 37 84 16 4 45 74 76 33 79 89 10 26 72 73 59 42 56 3 57 42 51 71 5 44 18 48 84 90 50 88 46 75 85 92 35 40 48 72 10 69 68 75 54 58 9 50 81 78 17 93 79 71 70 84 54 26 44 36 53 54 94 5 52 73 59 9 52 24 23 61 85 24 90 90 30 74 78 17 14 92 24 29 56 62 81 5 24 INC=CIURA
81 78 17 89 11 71 70 48 34 26 14 36 53 16 4 5 52 73 33 9 52 10 23 61 73 24 42 56 3 57 42 17 14 5 24 18 48 62 81 5 24 46 75 85 92 35 40 48 72 10 69 68 75 54 58 9 50 93 82 83 93 79 91 88 84 54 98 44 37 84 54 94 45 74 76 59 79 89 24 26 72 85 59 90 90 30 74 78 51 71 92 44 29 56 84 90 50 88 INC=57
29 48 17 10 11 3 57 42 17 9 5 24 18 16 4 5 5 24 33 9 52 10 23 40 54 24 42 50 68 59 48 34 14 14 36 53 48 62 79 30 73 46 51 71 44 35 61 56 72 45 56 71 70 54 58 24 26 72 82 59 90 81 52 74 78 54 85 92 37 81 73 84 89 69 76 75 79 89 26 50 93 85 83 93 90 91 88 84 75 98 92 44 84 78 94 90 74 88 INC=23
5 10 14 10 4 3 5 24 17 9 29 24 17 14 11 5 26 42 26 9 48 34 18 16 36 24 42 50 33 30 52 44 23 40 44 24 48 56 37 45 56 46 51 54 54 35 57 62 68 50 73 48 52 69 58 53 61 72 72 59 73 71 70 71 76 54 74 84 75 59 90 81 83 74 78 75 79 88 79 81 92 84 84 78 90 90 85 89 82 98 93 85 89 93 94 91 88 92 INC=10
4 3 5 5 5 9 11 9 17 10 14 10 17 14 18 16 23 24 26 24 26 30 29 24 33 34 37 24 36 35 42 44 48 40 44 45 48 42 51 48 52 46 52 50 54 50 57 53 56 54 58 54 61 56 70 59 68 59 72 62 73 69 73 71 75 71 74 75 76 72 78 78 79 74 79 81 82 84 84 81 83 88 85 84 88 90 90 85 89 92 93 89 90 93 94 91 92 98 INC=4
3 4 5 5 5 9 9 10 10 11 14 14 16 17 17 18 23 24 24 24 24 26 26 29 30 33 34 35 36 37 40 42 42 44 44 45 46 48 48 48 50 50 51 52 52 53 54 54 54 56 56 57 58 59 59 61 62 68 69 70 71 71 72 72 73 73 74 74 75 75 76 78 78 79 79 81 81 82 83 84 84 84 85 85 88 88 89 89 90 90 90 91 92 92 93 93 94 98 INC=1
